real
47.7714
47.7714
47.7714
47.7714
47.7714
63.6558
47.7714
47.7714
47.7714
47.7714
29.2313
47.7714
47.7714
61.2187
47.7714
47.7714
20.6182
47.7714
47.7714
47.7714
47.7714
47.7714
47.7714
47.7714
47.7714
30.6675
47.7714
66.0138
47.7714
47.7714
47.7714
30.9231
47.7714
47.7714
47.7714
47.7714
47.7714
47.7714
47.7714
47.7714
61.2187
47.7714
47.7714
47.7714
47.7714
47.7714
47.7714
47.7714
47.7714
47.7714
47.7714
47.7714
47.7714
47.7714
47.7714
47.7714
47.7714
47.7714
47.7714
47.7714
63.6558
17.4311
47.7714
47.7714
69.3536
47.7714
66.0138
47.7714
47.7714
41.6626
38.6693
47.7714
47.7714
47.7714
47.7714
47.7714
47.7714
47.7714
47.7714
47.7714
47.7714
47.7714
47.7714
47.7714
47.7714
47.7714
47.7714
47.7714
47.7714
47.7714
47.7714
47.7714
47.7714
69.3536
69.3536
47.7714
47.7714
47.7714
47.7714
36.7187
47.7714
47.7714
29.0747
47.7714
69.3536
44.1346
47.7714
47.7714
47.7714
47.7714
47.7714
47.7714
47.7714
61.2187
47.7714
47.7714
47.7714
47.7714
34.1492
47.7714
47.7714
47.7714
13.9559
47.7714
47.7714
47.7714
47.7714
47.7714
47.7714
47.7714
47.7714
47.7714
38.5206
47.7714
47.7714
47.7714
47.7714
47.7714
47.7714
34.2381
47.7714
47.7714
47.7714
47.7714
47.7714
47.7714
47.7714
47.7714
47.7714
47.7714
47.7714
27.1128
37.4666
47.7714
69.3536
47.7714
47.7714
69.3536
47.7714
47.7714
47.7714
47.7714
47.7714
47.7714
47.7714
47.7714
47.7714
47.7714
47.7714
19.9051
66.0138
47.7714
47.7714
47.7714
47.7714
30.0594
47.7714
29.1235
47.7714
47.7714
47.7714
47.7714
47.7714
47.7714
47.7714
47.7714
47.7714
47.7714
39.5917
69.3536
47.7714
47.7714
47.7714
47.7714
69.3536
47.7714
47.7714
47.7714
47.7714
47.7714
47.7714
40.6053
47.7714
47.7714
47.7714
47.7714
47.7714
47.7714
47.7714
47.7714
62.2703
47.7714
47.7714
47.7714
47.7714
69.3536
47.7714
47.7714
61.4038
47.7714
57.2715
47.7714
60.7813
47.7714
61.117
28.1445
47.7714
47.7714
47.7714
47.7714
69.3536
36.5921
17.6359
28.6461
47.7714
47.7714
47.7714
66.0138
47.7714
47.7714
47.7714
47.7714
47.7714
47.7714
47.7714
22.4587
47.7714
69.3536
47.7714
26.8997
47.7714
47.7714
66.0138
46.6509
21.2073
69.3536
47.7714
69.3536
52.4169
69.3536
26.5147
47.7714
47.7714
47.7714
47.7714
47.7714
47.7714
20.5009
47.7714
47.7714
47.7714
47.7714
37.5583
52.4169
36.6365
47.7714
47.7714
47.7714
47.7714
47.7714
65.7471
28.4963
33.2009
47.7714
47.7714
20.7421
47.7714
47.7714
47.7714
47.7714
47.7714
69.3536
47.7714
47.7714
47.7714
47.7714
47.7714
47.7714
47.7714
47.7714
47.7714
47.7714
47.7714
47.7714
47.7714
47.7714
29.1235
47.7714
22.4734
47.7714
47.7714
47.7714
47.7714
47.7714
47.7714
47.7714
52.4169
47.7714
47.7714
47.7714
47.7714
47.7714
47.7714
47.7714
47.7714
47.7714
47.7714
47.7714
47.7714
47.7714
47.7714
47.7714
47.7714
47.7714
47.7714
52.4169
47.7714
47.7714
47.7714
69.3536
69.3536
36.2428
36.7457
47.7714
47.7714
47.7714
47.7714
32.9449
47.7714
47.7714
47.7714
47.7714
32.9955
47.7714
47.7714
47.7714
47.7714
47.7714
47.7714
60.9907
47.7714
47.7714
35.2629
52.8039
47.7714
47.7714
47.7714
34.0256
47.7714
47.7714
47.7714
28.7998
47.7714
47.7714
36.7457
47.7714
47.7714
47.7714
47.7714
47.7714
47.7714
47.7714
47.7714
47.7714
47.7714
47.7714
47.7714
69.3536
47.7714
47.7714
47.7714
47.7714
47.7714
47.7714
52.4169
47.7714
47.7714
69.3536
47.7714
47.7714
47.7714
42.3464
47.7714
47.7714
47.7714
47.7714
47.7714
47.7714
47.7714
47.7714
47.7714
47.7714
47.7714
47.7714
47.7714
47.7714
27.3846
47.7714
47.7714
47.7714
47.7714
47.7714
47.7714
47.7714
47.7714
47.7714
47.7714
47.7714
47.7714
47.7714
47.7714
47.7714
47.7714
47.7714
47.7714
37.9862
47.7714
47.7714
47.7714
47.7714
47.7714
47.7714
47.7714
35.2629
47.7714
66.0138
47.7714
47.7714
47.7714
47.7714
43.6661
26.1307
47.7714
47.7714
47.7714
47.7714
47.7714
47.7714
47.7714
47.7714
47.7714
52.4169
47.7714
47.7714
47.7714
47.7714
36.5921
47.7714
47.7714
47.7714
47.7714
47.7714
30.5346
47.7714
47.7714
47.7714
52.4169
47.7714
47.7714
47.7714
47.7714
47.7714
69.3536
47.7714
47.7714
47.7714
47.7714
47.7714
47.7714
47.7714
47.7714
47.7714
47.7714
47.7714
47.7714
47.7714
47.7714
47.7714
47.7714
47.7714
47.7714
47.7714
47.7714
47.7714
47.7714
47.7714
47.7714
47.7714
47.7714
47.7714
47.7714
47.7714
69.3536
47.7714
47.7714
47.7714
47.7714
47.7714
47.7714
47.7714
47.7714
47.7714
47.7714
47.7714
47.7714
47.7714
47.7714
47.7714
47.7714
47.7714
47.7714
30.8087
47.7714
47.7714
47.7714
47.7714
47.7714
47.7714
47.7714
47.7714
47.7714
47.7714
47.7714
47.7714
47.7714
46.4642
47.7714
47.7714
18.0994
69.3536
47.7714
54.5002
47.7714
47.7714
47.7714
66.0138
47.7714
37.0587
47.7714
47.7714
47.7714
47.7714
47.7714
47.7714
47.7714
47.7714
47.7714
47.7714
29.1235
62.404
47.7714
47.7714
47.7714
47.7714
47.7714
47.7714
44.2451
47.7714
47.7714
47.7714
47.7714
32.9955
47.7714
47.7714
47.7714
47.7714
47.7714
52.4169
47.7714
47.7714
47.7714
47.7714
47.7714
47.7714
47.7714
69.3536
47.7714
47.7714
47.7714
47.7714
47.7714
47.7714
47.7714
47.7714
47.7714
47.7714
47.7714
47.7714
47.7714
47.7714
47.7714
47.7714
47.7714
47.7714
47.7714
47.7714
47.7714
47.7714
47.7714
47.7714
47.7714
30.3063
47.7714
47.7714
47.7714
47.7714
47.7714
47.7714
47.7714
47.7714
47.7714
47.7714
69.3536
47.7714
24.9481
47.7714
18.4943
47.7714
47.7714
69.3536
30.8931
47.7714
47.7714
47.7714
47.7714
47.7714
69.3536
47.7714
69.3536
47.7714
47.7714
60.5138
47.7714
54.6556
47.7714
47.7714
53.0136
52.4169
47.7714
47.7714
47.7714
47.7714
47.7714
47.7714
47.7714
47.7714
47.7714
47.7714
47.7714
47.7714
47.7714
39.2115
47.7714
47.7714
63.6558
47.7714
47.7714
47.7714
47.7714
47.7714
66.0138
28.4958
47.7714
47.7714
56.353
47.7714
47.7714
47.7714
47.7714
47.7714
47.7714
47.7714
47.7714
47.7714
52.4169
47.7714
47.7714
47.7714
47.7714
47.7714
47.7714
47.7714
37.7087
69.3536
47.7714
47.7714
47.7714
47.7714
47.7714
47.7714
40.517
47.7714
52.4169
47.7714
47.7714
42.1302
66.0138
47.7714
47.7714
47.7714
47.7714
69.3536
47.7714
47.7714
47.7714
47.7714
47.7714
47.7714
47.7714
47.7714
47.7714
47.7714
47.7714
47.7714
47.7714
47.7714
47.7714
47.7714
44.8595
47.7714
66.0138
47.7714
47.7714
47.7714
47.7714
47.7714
47.7714
47.7714
32.9955
47.7714
69.3536
47.7714
47.7714
47.7714
47.7714
47.7714
47.7714
47.7714
47.7714
32.9955
47.7714
47.7714
47.7714
30.6296
52.4169
47.7714
47.7714
47.7714
47.7714
47.7714
52.4169
47.7714
37.8482
47.7714
47.7714
28.9152
36.7457
14.0398
47.7714
47.7714
47.7714
47.7714
17.6813
47.7714
47.7714
47.7714
47.7714
47.7714
47.7714
19.9051
47.7714
47.7714
47.7714
47.7714
20.6719
47.7714
47.7714
47.7714
47.7714
47.7714
47.7714
47.7714
47.7714
47.7714
52.4169
47.7714
47.7714
47.7714
47.7714
52.4169
47.7714
47.7714
47.7714
47.7714
47.7714
47.7714
47.7714
47.7714
47.7714
47.7714
47.7714
47.7714
47.7714
47.7714
47.7714
47.7714
47.7714
52.4169
47.7714
47.7714
47.7714
47.7714
47.7714
47.7714
47.7714
47.7714
69.3536
43.6661
45.2668
69.3536
47.7714
47.7714
47.7714
47.7714
36.9868
47.7714
47.7714
47.7714
47.7714
47.7714
47.7714
47.7714
44.5825
47.7714
47.7714
66.0138
47.7714
47.7714
47.7714
47.7714
47.7714
47.7714
47.7714
47.7714
47.7714
47.7714
47.7714
47.7714
47.7714
32.9955
47.7714
26.4384
69.3536
47.7714
47.7714
47.7714
47.7714
47.7714
47.7714
57.3013
47.7714
47.7714
47.7714
47.7714
47.7714
29.1235
47.7714
47.7714
47.7714
47.7714
69.3536
47.7714
47.7714
47.7714
47.7714
18.2326
47.7714
47.7714
47.7714
47.7714
47.7714
47.7714
69.3536
47.7714
47.7714
69.3536
47.7714
47.7714
69.3536
47.7714
32.9955
49.9758
47.7714
47.7714
47.7714
47.7714
60.7481
47.7714
69.3536
28.5727
47.7714
47.7714
47.7714
47.7714
47.7714
47.7714
47.7714
47.7714
47.7714
47.7714
47.7714
47.7714
21.8236
47.7714
47.7714
41.8945
52.4169
47.7714
47.7714
47.7714
47.7714
47.7714
47.7714
26.1307
47.7714
47.7714
47.7714
47.7714
47.7714
47.7714
47.7714
47.7714
47.7714
47.7714
47.7714
47.7714
47.7714
47.7714
47.7714
47.7714
47.7714
47.7714
47.7714
47.7714
47.7714
47.7714
47.7714
47.7714
55.5235
47.7714
47.7714
47.7714
47.7714
47.7714
37.8778
47.7714
69.3536
47.7714
47.7714
47.7714
47.7714
47.7714
13.9157
47.7714
47.7714
47.7714
47.7714
69.3536
47.7714
69.3536
47.7714
66.0138
47.7714
47.7714
47.7714
47.7714
47.7714
47.7714
47.7714
47.7714
47.7714
47.7714
47.7714
47.7714
66.0138
47.7714
47.7714
47.7714
47.7714
47.7714
41.9803
47.7714
47.7714
47.7714
47.7714
47.7714
14.969
47.7714
52.4169
47.7714
47.7714
47.7714
47.7714
47.7714
47.7714
47.7714
47.7714
47.7714
47.7714
47.7714
47.7714
47.7714
47.7714
47.7714
47.7714
47.7714
47.7714
47.7714
47.7714
23.7432
47.7714
47.7714
57.2715
47.7714
47.7714
38.4464
47.7714
47.7714
47.7714
47.7714
27.3846
66.0138
47.7714
47.7714
47.7714
47.7714
47.7714
47.7714
47.7714
47.7714
14.5312
47.7714
21.5333
47.7714
47.7714
47.7714
32.9955
47.7714
69.3536
61.1601
47.7714
47.7714
47.7714
47.7714
18.4128
47.7714
47.7714
47.7714
47.7714
47.7714
41.6626
47.7714
47.7714
47.7714
47.7714
47.7714
47.7714
47.7714
47.7714
47.7714
47.7714
47.7714
47.7714
47.7714
47.7714
47.7714
47.7714
47.7714
47.7714
62.9912
47.7714
47.7714
47.7714
47.7714
47.7714
47.7714
47.7714
47.7714
52.4169
47.7714
47.7714
47.7714
47.7714
47.7714
47.7714
47.7714
47.7714
47.7714
47.7714
53.6568
47.7714
47.7714
47.7714
47.7714
41.6626
47.7714
47.7714
47.7714
47.7714
47.7714
46.6509
47.7714
47.7714
47.7714
36.5165
47.7714
47.7714
47.7714
47.7714
69.3536
47.7714
47.7714
47.7714
47.7714
47.7714
47.7714
47.7714
47.7714
47.7714
47.7714
47.7714
43.8906
47.7714
47.7714
47.7714
47.7714
47.7714
47.7714
69.3536
47.7714
47.7714
47.7714
54.765
47.7714
47.7714
47.7714
47.7714
47.7714
47.7714
52.4169
56.1189
47.7714
47.7714
47.7714
66.0138
47.7714
47.7714
47.7714
47.7714
47.7714
47.7714
26.1307
47.7714
47.7714
19.9051
47.7714
47.7714
47.7714
47.7714
69.3536
47.7714
47.7714
55.5235
47.7714
26.3636
47.7714
47.7714
47.7714
47.7714
47.7714
